-8.400000000000000000e+01 3.000000000000000000e+01 2.409368000000000029e+04
-8.350000000000000000e+01 3.000000000000000000e+01 2.409850300000000061e+04
-8.300000000000000000e+01 3.000000000000000000e+01 2.410488999999999942e+04
-8.250000000000000000e+01 3.000000000000000000e+01 2.411284100000000035e+04
-8.200000000000000000e+01 3.000000000000000000e+01 2.412235699999999997e+04
-8.150000000000000000e+01 3.000000000000000000e+01 2.413343200000000070e+04
-8.100000000000000000e+01 3.000000000000000000e+01 2.414606200000000172e+04
-8.400000000000000000e+01 2.950000000000000000e+01 2.425420899999999892e+04
-8.350000000000000000e+01 2.950000000000000000e+01 2.425799000000000160e+04
-8.300000000000000000e+01 2.950000000000000000e+01 2.426331399999999849e+04
-8.250000000000000000e+01 2.950000000000000000e+01 2.427018500000000131e+04
-8.200000000000000000e+01 2.950000000000000000e+01 2.427860299999999916e+04
-8.150000000000000000e+01 2.950000000000000000e+01 2.428856699999999910e+04
-8.100000000000000000e+01 2.950000000000000000e+01 2.430007300000000032e+04
-8.400000000000000000e+01 2.900000000000000000e+01 2.441091700000000128e+04
-8.350000000000000000e+01 2.900000000000000000e+01 2.441363899999999921e+04
-8.300000000000000000e+01 2.900000000000000000e+01 2.441788499999999840e+04
-8.250000000000000000e+01 2.900000000000000000e+01 2.442365899999999965e+04
-8.200000000000000000e+01 2.900000000000000000e+01 2.443096500000000015e+04
-8.150000000000000000e+01 2.900000000000000000e+01 2.443980299999999988e+04
-8.100000000000000000e+01 2.900000000000000000e+01 2.445016999999999825e+04
-8.400000000000000000e+01 2.850000000000000000e+01 2.456381200000000172e+04
-8.350000000000000000e+01 2.850000000000000000e+01 2.456545999999999913e+04
-8.300000000000000000e+01 2.850000000000000000e+01 2.456861100000000079e+04
-8.250000000000000000e+01 2.850000000000000000e+01 2.457327500000000146e+04
-8.200000000000000000e+01 2.850000000000000000e+01 2.457945400000000154e+04
-8.150000000000000000e+01 2.850000000000000000e+01 2.458715199999999822e+04
-8.100000000000000000e+01 2.850000000000000000e+01 2.459636799999999857e+04
-8.400000000000000000e+01 2.800000000000000000e+01 2.471290599999999904e+04
-8.350000000000000000e+01 2.800000000000000000e+01 2.471346399999999994e+04
-8.300000000000000000e+01 2.800000000000000000e+01 2.471550800000000163e+04
-8.250000000000000000e+01 2.800000000000000000e+01 2.471904799999999886e+04
-8.200000000000000000e+01 2.800000000000000000e+01 2.472408799999999974e+04
-8.150000000000000000e+01 2.800000000000000000e+01 2.473063399999999820e+04
-8.100000000000000000e+01 2.800000000000000000e+01 2.473868700000000172e+04
-8.400000000000000000e+01 2.750000000000000000e+01 2.485821099999999933e+04
-8.350000000000000000e+01 2.750000000000000000e+01 2.485766700000000128e+04
-8.300000000000000000e+01 2.750000000000000000e+01 2.485859100000000035e+04
-8.250000000000000000e+01 2.750000000000000000e+01 2.486099399999999878e+04
-8.200000000000000000e+01 2.750000000000000000e+01 2.486488399999999820e+04
-8.150000000000000000e+01 2.750000000000000000e+01 2.487026800000000003e+04
-8.100000000000000000e+01 2.750000000000000000e+01 2.487714700000000084e+04
-8.400000000000000000e+01 2.700000000000000000e+01 2.499974299999999857e+04
-8.350000000000000000e+01 2.700000000000000000e+01 2.499808499999999913e+04
-8.300000000000000000e+01 2.700000000000000000e+01 2.499787800000000061e+04
-8.250000000000000000e+01 2.700000000000000000e+01 2.499913399999999820e+04
-8.200000000000000000e+01 2.700000000000000000e+01 2.500186400000000140e+04
-8.150000000000000000e+01 2.700000000000000000e+01 2.500607500000000073e+04
-8.100000000000000000e+01 2.700000000000000000e+01 2.501177200000000084e+04
-8.400000000000000000e+01 2.650000000000000000e+01 2.513751800000000003e+04
-8.350000000000000000e+01 2.650000000000000000e+01 2.513473600000000079e+04
-8.300000000000000000e+01 2.650000000000000000e+01 2.513338699999999881e+04
-8.250000000000000000e+01 2.650000000000000000e+01 2.513348700000000099e+04
-8.200000000000000000e+01 2.650000000000000000e+01 2.513504799999999886e+04
-8.150000000000000000e+01 2.650000000000000000e+01 2.513807900000000154e+04
-8.100000000000000000e+01 2.650000000000000000e+01 2.514258799999999974e+04
-8.400000000000000000e+01 2.600000000000000000e+01 2.527155500000000029e+04
-8.350000000000000000e+01 2.600000000000000000e+01 2.526763899999999921e+04
-8.300000000000000000e+01 2.600000000000000000e+01 2.526514099999999962e+04
-8.250000000000000000e+01 2.600000000000000000e+01 2.526407800000000134e+04
-8.200000000000000000e+01 2.600000000000000000e+01 2.526446299999999974e+04
-8.150000000000000000e+01 2.600000000000000000e+01 2.526630700000000070e+04
-8.100000000000000000e+01 2.600000000000000000e+01 2.526961999999999898e+04
-8.400000000000000000e+01 2.550000000000000000e+01 2.540187399999999980e+04
-8.350000000000000000e+01 2.550000000000000000e+01 2.539681699999999910e+04
-8.300000000000000000e+01 2.550000000000000000e+01 2.539316300000000047e+04
-8.250000000000000000e+01 2.550000000000000000e+01 2.539093000000000029e+04
-8.200000000000000000e+01 2.550000000000000000e+01 2.539013300000000163e+04
-8.150000000000000000e+01 2.550000000000000000e+01 2.539078600000000006e+04
-8.100000000000000000e+01 2.550000000000000000e+01 2.539290000000000146e+04
-8.400000000000000000e+01 2.500000000000000000e+01 2.552849699999999939e+04
-8.350000000000000000e+01 2.500000000000000000e+01 2.552229300000000148e+04
-8.300000000000000000e+01 2.500000000000000000e+01 2.551747699999999895e+04
-8.250000000000000000e+01 2.500000000000000000e+01 2.551406899999999951e+04
-8.200000000000000000e+01 2.500000000000000000e+01 2.551208699999999953e+04
-8.150000000000000000e+01 2.500000000000000000e+01 2.551154499999999825e+04
-8.100000000000000000e+01 2.500000000000000000e+01 2.551245599999999831e+04
-8.400000000000000000e+01 2.450000000000000000e+01 2.565144499999999971e+04
-8.350000000000000000e+01 2.450000000000000000e+01 2.564409000000000015e+04
-8.300000000000000000e+01 2.450000000000000000e+01 2.563810900000000038e+04
-8.250000000000000000e+01 2.450000000000000000e+01 2.563352400000000125e+04
-8.200000000000000000e+01 2.450000000000000000e+01 2.563035299999999916e+04
-8.150000000000000000e+01 2.450000000000000000e+01 2.562861400000000140e+04
-8.100000000000000000e+01 2.450000000000000000e+01 2.562832200000000012e+04
-8.400000000000000000e+01 2.400000000000000000e+01 2.577074299999999857e+04
-8.350000000000000000e+01 2.400000000000000000e+01 2.576223400000000038e+04
-8.300000000000000000e+01 2.400000000000000000e+01 2.575508599999999933e+04
-8.250000000000000000e+01 2.400000000000000000e+01 2.574932099999999991e+04
-8.200000000000000000e+01 2.400000000000000000e+01 2.574496199999999953e+04
-8.150000000000000000e+01 2.400000000000000000e+01 2.574202600000000166e+04
-8.100000000000000000e+01 2.400000000000000000e+01 2.574053099999999904e+04
