-8.400000000000000000e+01 3.000000000000000000e+01 5.931499999999999773e+01
-8.350000000000000000e+01 3.000000000000000000e+01 5.927700000000000102e+01
-8.300000000000000000e+01 3.000000000000000000e+01 5.923499999999999943e+01
-8.250000000000000000e+01 3.000000000000000000e+01 5.918900000000000006e+01
-8.200000000000000000e+01 3.000000000000000000e+01 5.913900000000000290e+01
-8.150000000000000000e+01 3.000000000000000000e+01 5.908400000000000318e+01
-8.100000000000000000e+01 3.000000000000000000e+01 5.902499999999999858e+01
-8.400000000000000000e+01 2.950000000000000000e+01 5.886099999999999710e+01
-8.350000000000000000e+01 2.950000000000000000e+01 5.882300000000000040e+01
-8.300000000000000000e+01 2.950000000000000000e+01 5.878199999999999648e+01
-8.250000000000000000e+01 2.950000000000000000e+01 5.873599999999999710e+01
-8.200000000000000000e+01 2.950000000000000000e+01 5.868599999999999994e+01
-8.150000000000000000e+01 2.950000000000000000e+01 5.863199999999999790e+01
-8.100000000000000000e+01 2.950000000000000000e+01 5.857399999999999807e+01
-8.400000000000000000e+01 2.900000000000000000e+01 5.840200000000000102e+01
-8.350000000000000000e+01 2.900000000000000000e+01 5.836500000000000199e+01
-8.300000000000000000e+01 2.900000000000000000e+01 5.832500000000000284e+01
-8.250000000000000000e+01 2.900000000000000000e+01 5.828000000000000114e+01
-8.200000000000000000e+01 2.900000000000000000e+01 5.822999999999999687e+01
-8.150000000000000000e+01 2.900000000000000000e+01 5.817699999999999960e+01
-8.100000000000000000e+01 2.900000000000000000e+01 5.811899999999999977e+01
-8.400000000000000000e+01 2.850000000000000000e+01 5.793900000000000006e+01
-8.350000000000000000e+01 2.850000000000000000e+01 5.790299999999999869e+01
-8.300000000000000000e+01 2.850000000000000000e+01 5.786299999999999955e+01
-8.250000000000000000e+01 2.850000000000000000e+01 5.781900000000000261e+01
-8.200000000000000000e+01 2.850000000000000000e+01 5.777000000000000313e+01
-8.150000000000000000e+01 2.850000000000000000e+01 5.771699999999999875e+01
-8.100000000000000000e+01 2.850000000000000000e+01 5.765999999999999659e+01
-8.400000000000000000e+01 2.800000000000000000e+01 5.747200000000000131e+01
-8.350000000000000000e+01 2.800000000000000000e+01 5.743699999999999761e+01
-8.300000000000000000e+01 2.800000000000000000e+01 5.739800000000000324e+01
-8.250000000000000000e+01 2.800000000000000000e+01 5.735399999999999920e+01
-8.200000000000000000e+01 2.800000000000000000e+01 5.730599999999999739e+01
-8.150000000000000000e+01 2.800000000000000000e+01 5.725399999999999778e+01
-8.100000000000000000e+01 2.800000000000000000e+01 5.719700000000000273e+01
-8.400000000000000000e+01 2.750000000000000000e+01 5.700099999999999767e+01
-8.350000000000000000e+01 2.750000000000000000e+01 5.696699999999999875e+01
-8.300000000000000000e+01 2.750000000000000000e+01 5.692799999999999727e+01
-8.250000000000000000e+01 2.750000000000000000e+01 5.688499999999999801e+01
-8.200000000000000000e+01 2.750000000000000000e+01 5.683800000000000097e+01
-8.150000000000000000e+01 2.750000000000000000e+01 5.678600000000000136e+01
-8.100000000000000000e+01 2.750000000000000000e+01 5.672999999999999687e+01
-8.400000000000000000e+01 2.700000000000000000e+01 5.652600000000000335e+01
-8.350000000000000000e+01 2.700000000000000000e+01 5.649199999999999733e+01
-8.300000000000000000e+01 2.700000000000000000e+01 5.645400000000000063e+01
-8.250000000000000000e+01 2.700000000000000000e+01 5.641199999999999903e+01
-8.200000000000000000e+01 2.700000000000000000e+01 5.636599999999999966e+01
-8.150000000000000000e+01 2.700000000000000000e+01 5.631499999999999773e+01
-8.100000000000000000e+01 2.700000000000000000e+01 5.625900000000000034e+01
-8.400000000000000000e+01 2.650000000000000000e+01 5.604599999999999937e+01
-8.350000000000000000e+01 2.650000000000000000e+01 5.601299999999999812e+01
-8.300000000000000000e+01 2.650000000000000000e+01 5.597599999999999909e+01
-8.250000000000000000e+01 2.650000000000000000e+01 5.593500000000000227e+01
-8.200000000000000000e+01 2.650000000000000000e+01 5.588900000000000290e+01
-8.150000000000000000e+01 2.650000000000000000e+01 5.583899999999999864e+01
-8.100000000000000000e+01 2.650000000000000000e+01 5.578399999999999892e+01
-8.400000000000000000e+01 2.600000000000000000e+01 5.556099999999999994e+01
-8.350000000000000000e+01 2.600000000000000000e+01 5.552900000000000347e+01
-8.300000000000000000e+01 2.600000000000000000e+01 5.549399999999999977e+01
-8.250000000000000000e+01 2.600000000000000000e+01 5.545300000000000296e+01
-8.200000000000000000e+01 2.600000000000000000e+01 5.540800000000000125e+01
-8.150000000000000000e+01 2.600000000000000000e+01 5.535900000000000176e+01
-8.100000000000000000e+01 2.600000000000000000e+01 5.530499999999999972e+01
-8.400000000000000000e+01 2.550000000000000000e+01 5.507200000000000273e+01
-8.350000000000000000e+01 2.550000000000000000e+01 5.504099999999999682e+01
-8.300000000000000000e+01 2.550000000000000000e+01 5.500600000000000023e+01
-8.250000000000000000e+01 2.550000000000000000e+01 5.496699999999999875e+01
-8.200000000000000000e+01 2.550000000000000000e+01 5.492300000000000182e+01
-8.150000000000000000e+01 2.550000000000000000e+01 5.487400000000000233e+01
-8.100000000000000000e+01 2.550000000000000000e+01 5.482099999999999795e+01
-8.400000000000000000e+01 2.500000000000000000e+01 5.457800000000000296e+01
-8.350000000000000000e+01 2.500000000000000000e+01 5.454800000000000182e+01
-8.300000000000000000e+01 2.500000000000000000e+01 5.451400000000000290e+01
-8.250000000000000000e+01 2.500000000000000000e+01 5.447599999999999909e+01
-8.200000000000000000e+01 2.500000000000000000e+01 5.443299999999999983e+01
-8.150000000000000000e+01 2.500000000000000000e+01 5.438499999999999801e+01
-8.100000000000000000e+01 2.500000000000000000e+01 5.433299999999999841e+01
-8.400000000000000000e+01 2.450000000000000000e+01 5.407900000000000063e+01
-8.350000000000000000e+01 2.450000000000000000e+01 5.405100000000000193e+01
-8.300000000000000000e+01 2.450000000000000000e+01 5.401800000000000068e+01
-8.250000000000000000e+01 2.450000000000000000e+01 5.397999999999999687e+01
-8.200000000000000000e+01 2.450000000000000000e+01 5.393800000000000239e+01
-8.150000000000000000e+01 2.450000000000000000e+01 5.389099999999999824e+01
-8.100000000000000000e+01 2.450000000000000000e+01 5.384000000000000341e+01
-8.400000000000000000e+01 2.400000000000000000e+01 5.357500000000000284e+01
-8.350000000000000000e+01 2.400000000000000000e+01 5.354800000000000182e+01
-8.300000000000000000e+01 2.400000000000000000e+01 5.351599999999999824e+01
-8.250000000000000000e+01 2.400000000000000000e+01 5.347999999999999687e+01
-8.200000000000000000e+01 2.400000000000000000e+01 5.343900000000000006e+01
-8.150000000000000000e+01 2.400000000000000000e+01 5.339300000000000068e+01
-8.100000000000000000e+01 2.400000000000000000e+01 5.334199999999999875e+01
