-8.400000000000000000e+01 3.000000000000000000e+01 -4.599999999999999645e+00
-8.350000000000000000e+01 3.000000000000000000e+01 -4.935999999999999943e+00
-8.300000000000000000e+01 3.000000000000000000e+01 -5.270999999999999908e+00
-8.250000000000000000e+01 3.000000000000000000e+01 -5.605000000000000426e+00
-8.200000000000000000e+01 3.000000000000000000e+01 -5.935999999999999943e+00
-8.150000000000000000e+01 3.000000000000000000e+01 -6.266000000000000014e+00
-8.100000000000000000e+01 3.000000000000000000e+01 -6.591999999999999638e+00
-8.400000000000000000e+01 2.950000000000000000e+01 -4.525999999999999801e+00
-8.350000000000000000e+01 2.950000000000000000e+01 -4.860000000000000320e+00
-8.300000000000000000e+01 2.950000000000000000e+01 -5.193999999999999950e+00
-8.250000000000000000e+01 2.950000000000000000e+01 -5.525999999999999801e+00
-8.200000000000000000e+01 2.950000000000000000e+01 -5.855999999999999872e+00
-8.150000000000000000e+01 2.950000000000000000e+01 -6.184000000000000163e+00
-8.100000000000000000e+01 2.950000000000000000e+01 -6.509999999999999787e+00
-8.400000000000000000e+01 2.900000000000000000e+01 -4.451999999999999957e+00
-8.350000000000000000e+01 2.900000000000000000e+01 -4.785000000000000142e+00
-8.300000000000000000e+01 2.900000000000000000e+01 -5.116999999999999993e+00
-8.250000000000000000e+01 2.900000000000000000e+01 -5.447000000000000064e+00
-8.200000000000000000e+01 2.900000000000000000e+01 -5.775999999999999801e+00
-8.150000000000000000e+01 2.900000000000000000e+01 -6.102999999999999758e+00
-8.100000000000000000e+01 2.900000000000000000e+01 -6.427999999999999936e+00
-8.400000000000000000e+01 2.850000000000000000e+01 -4.378000000000000114e+00
-8.350000000000000000e+01 2.850000000000000000e+01 -4.708999999999999631e+00
-8.300000000000000000e+01 2.850000000000000000e+01 -5.040000000000000036e+00
-8.250000000000000000e+01 2.850000000000000000e+01 -5.368999999999999773e+00
-8.200000000000000000e+01 2.850000000000000000e+01 -5.695999999999999730e+00
-8.150000000000000000e+01 2.850000000000000000e+01 -6.022000000000000242e+00
-8.100000000000000000e+01 2.850000000000000000e+01 -6.346000000000000085e+00
-8.400000000000000000e+01 2.800000000000000000e+01 -4.304000000000000270e+00
-8.350000000000000000e+01 2.800000000000000000e+01 -4.634000000000000341e+00
-8.300000000000000000e+01 2.800000000000000000e+01 -4.963000000000000078e+00
-8.250000000000000000e+01 2.800000000000000000e+01 -5.290000000000000036e+00
-8.200000000000000000e+01 2.800000000000000000e+01 -5.616999999999999993e+00
-8.150000000000000000e+01 2.800000000000000000e+01 -5.942000000000000171e+00
-8.100000000000000000e+01 2.800000000000000000e+01 -6.264000000000000234e+00
-8.400000000000000000e+01 2.750000000000000000e+01 -4.229000000000000092e+00
-8.350000000000000000e+01 2.750000000000000000e+01 -4.557999999999999829e+00
-8.300000000000000000e+01 2.750000000000000000e+01 -4.886000000000000121e+00
-8.250000000000000000e+01 2.750000000000000000e+01 -5.211999999999999744e+00
-8.200000000000000000e+01 2.750000000000000000e+01 -5.536999999999999922e+00
-8.150000000000000000e+01 2.750000000000000000e+01 -5.860999999999999766e+00
-8.100000000000000000e+01 2.750000000000000000e+01 -6.182999999999999829e+00
-8.400000000000000000e+01 2.700000000000000000e+01 -4.155000000000000249e+00
-8.350000000000000000e+01 2.700000000000000000e+01 -4.482000000000000206e+00
-8.300000000000000000e+01 2.700000000000000000e+01 -4.809000000000000163e+00
-8.250000000000000000e+01 2.700000000000000000e+01 -5.134000000000000341e+00
-8.200000000000000000e+01 2.700000000000000000e+01 -5.458000000000000185e+00
-8.150000000000000000e+01 2.700000000000000000e+01 -5.780999999999999694e+00
-8.100000000000000000e+01 2.700000000000000000e+01 -6.102000000000000313e+00
-8.400000000000000000e+01 2.650000000000000000e+01 -4.081000000000000405e+00
-8.350000000000000000e+01 2.650000000000000000e+01 -4.405999999999999694e+00
-8.300000000000000000e+01 2.650000000000000000e+01 -4.730999999999999872e+00
-8.250000000000000000e+01 2.650000000000000000e+01 -5.056000000000000050e+00
-8.200000000000000000e+01 2.650000000000000000e+01 -5.378999999999999559e+00
-8.150000000000000000e+01 2.650000000000000000e+01 -5.700000000000000178e+00
-8.100000000000000000e+01 2.650000000000000000e+01 -6.019999999999999574e+00
-8.400000000000000000e+01 2.600000000000000000e+01 -4.006000000000000227e+00
-8.350000000000000000e+01 2.600000000000000000e+01 -4.330000000000000071e+00
-8.300000000000000000e+01 2.600000000000000000e+01 -4.653999999999999915e+00
-8.250000000000000000e+01 2.600000000000000000e+01 -4.977000000000000313e+00
-8.200000000000000000e+01 2.600000000000000000e+01 -5.299000000000000377e+00
-8.150000000000000000e+01 2.600000000000000000e+01 -5.620000000000000107e+00
-8.100000000000000000e+01 2.600000000000000000e+01 -5.939000000000000057e+00
-8.400000000000000000e+01 2.550000000000000000e+01 -3.931000000000000050e+00
-8.350000000000000000e+01 2.550000000000000000e+01 -4.253999999999999559e+00
-8.300000000000000000e+01 2.550000000000000000e+01 -4.576999999999999957e+00
-8.250000000000000000e+01 2.550000000000000000e+01 -4.899000000000000021e+00
-8.200000000000000000e+01 2.550000000000000000e+01 -5.219999999999999751e+00
-8.150000000000000000e+01 2.550000000000000000e+01 -5.538999999999999702e+00
-8.100000000000000000e+01 2.550000000000000000e+01 -5.857999999999999652e+00
-8.400000000000000000e+01 2.500000000000000000e+01 -3.855999999999999872e+00
-8.350000000000000000e+01 2.500000000000000000e+01 -4.177999999999999936e+00
-8.300000000000000000e+01 2.500000000000000000e+01 -4.498999999999999666e+00
-8.250000000000000000e+01 2.500000000000000000e+01 -4.820000000000000284e+00
-8.200000000000000000e+01 2.500000000000000000e+01 -5.139999999999999680e+00
-8.150000000000000000e+01 2.500000000000000000e+01 -5.458999999999999631e+00
-8.100000000000000000e+01 2.500000000000000000e+01 -5.777000000000000135e+00
-8.400000000000000000e+01 2.450000000000000000e+01 -3.781000000000000139e+00
-8.350000000000000000e+01 2.450000000000000000e+01 -4.100999999999999979e+00
-8.300000000000000000e+01 2.450000000000000000e+01 -4.421000000000000263e+00
-8.250000000000000000e+01 2.450000000000000000e+01 -4.740999999999999659e+00
-8.200000000000000000e+01 2.450000000000000000e+01 -5.059999999999999609e+00
-8.150000000000000000e+01 2.450000000000000000e+01 -5.378000000000000114e+00
-8.100000000000000000e+01 2.450000000000000000e+01 -5.695000000000000284e+00
-8.400000000000000000e+01 2.400000000000000000e+01 -3.705000000000000071e+00
-8.350000000000000000e+01 2.400000000000000000e+01 -4.024000000000000021e+00
-8.300000000000000000e+01 2.400000000000000000e+01 -4.342999999999999972e+00
-8.250000000000000000e+01 2.400000000000000000e+01 -4.661999999999999922e+00
-8.200000000000000000e+01 2.400000000000000000e+01 -4.980000000000000426e+00
-8.150000000000000000e+01 2.400000000000000000e+01 -5.296999999999999709e+00
-8.100000000000000000e+01 2.400000000000000000e+01 -5.613999999999999879e+00
