-8.400000000000000000e+01 3.000000000000000000e+01 4.721343800000000192e+04
-8.350000000000000000e+01 3.000000000000000000e+01 4.717030900000000111e+04
-8.300000000000000000e+01 3.000000000000000000e+01 4.712459900000000198e+04
-8.250000000000000000e+01 3.000000000000000000e+01 4.707633400000000256e+04
-8.200000000000000000e+01 3.000000000000000000e+01 4.702554800000000250e+04
-8.150000000000000000e+01 3.000000000000000000e+01 4.697227399999999761e+04
-8.100000000000000000e+01 3.000000000000000000e+01 4.691654899999999907e+04
-8.400000000000000000e+01 2.950000000000000000e+01 4.690229499999999825e+04
-8.350000000000000000e+01 2.950000000000000000e+01 4.685918400000000111e+04
-8.300000000000000000e+01 2.950000000000000000e+01 4.681350000000000000e+04
-8.250000000000000000e+01 2.950000000000000000e+01 4.676527300000000105e+04
-8.200000000000000000e+01 2.950000000000000000e+01 4.671453199999999924e+04
-8.150000000000000000e+01 2.950000000000000000e+01 4.666131300000000192e+04
-8.100000000000000000e+01 2.950000000000000000e+01 4.660565299999999843e+04
-8.400000000000000000e+01 2.900000000000000000e+01 4.658954600000000210e+04
-8.350000000000000000e+01 2.900000000000000000e+01 4.654646399999999994e+04
-8.300000000000000000e+01 2.900000000000000000e+01 4.650081999999999971e+04
-8.250000000000000000e+01 2.900000000000000000e+01 4.645264100000000326e+04
-8.200000000000000000e+01 2.900000000000000000e+01 4.640196100000000297e+04
-8.150000000000000000e+01 2.900000000000000000e+01 4.634881300000000192e+04
-8.100000000000000000e+01 2.900000000000000000e+01 4.629323399999999674e+04
-8.400000000000000000e+01 2.850000000000000000e+01 4.627532200000000012e+04
-8.350000000000000000e+01 2.850000000000000000e+01 4.623227999999999884e+04
-8.300000000000000000e+01 2.850000000000000000e+01 4.618668600000000151e+04
-8.250000000000000000e+01 2.850000000000000000e+01 4.613857200000000012e+04
-8.200000000000000000e+01 2.850000000000000000e+01 4.608796600000000035e+04
-8.150000000000000000e+01 2.850000000000000000e+01 4.603490499999999884e+04
-8.100000000000000000e+01 2.850000000000000000e+01 4.597942599999999948e+04
-8.400000000000000000e+01 2.800000000000000000e+01 4.595975000000000000e+04
-8.350000000000000000e+01 2.800000000000000000e+01 4.591675899999999820e+04
-8.300000000000000000e+01 2.800000000000000000e+01 4.587123000000000320e+04
-8.250000000000000000e+01 2.800000000000000000e+01 4.582319299999999930e+04
-8.200000000000000000e+01 2.800000000000000000e+01 4.577267799999999988e+04
-8.150000000000000000e+01 2.800000000000000000e+01 4.571972000000000116e+04
-8.100000000000000000e+01 2.800000000000000000e+01 4.566435700000000361e+04
-8.400000000000000000e+01 2.750000000000000000e+01 4.564295799999999872e+04
-8.350000000000000000e+01 2.750000000000000000e+01 4.560003100000000268e+04
-8.300000000000000000e+01 2.750000000000000000e+01 4.555458000000000175e+04
-8.250000000000000000e+01 2.750000000000000000e+01 4.550663399999999820e+04
-8.200000000000000000e+01 2.750000000000000000e+01 4.545622499999999854e+04
-8.150000000000000000e+01 2.750000000000000000e+01 4.540338799999999901e+04
-8.100000000000000000e+01 2.750000000000000000e+01 4.534815899999999965e+04
-8.400000000000000000e+01 2.700000000000000000e+01 4.532507400000000052e+04
-8.350000000000000000e+01 2.700000000000000000e+01 4.528222299999999814e+04
-8.300000000000000000e+01 2.700000000000000000e+01 4.523686299999999756e+04
-8.250000000000000000e+01 2.700000000000000000e+01 4.518902399999999761e+04
-8.200000000000000000e+01 2.700000000000000000e+01 4.513873700000000099e+04
-8.150000000000000000e+01 2.700000000000000000e+01 4.508603699999999662e+04
-8.100000000000000000e+01 2.700000000000000000e+01 4.503096100000000297e+04
-8.400000000000000000e+01 2.650000000000000000e+01 4.500622499999999854e+04
-8.350000000000000000e+01 2.650000000000000000e+01 4.496346199999999953e+04
-8.300000000000000000e+01 2.650000000000000000e+01 4.491820700000000215e+04
-8.250000000000000000e+01 2.650000000000000000e+01 4.487048999999999796e+04
-8.200000000000000000e+01 2.650000000000000000e+01 4.482034100000000035e+04
-8.150000000000000000e+01 2.650000000000000000e+01 4.476779600000000210e+04
-8.100000000000000000e+01 2.650000000000000000e+01 4.471288999999999942e+04
-8.400000000000000000e+01 2.600000000000000000e+01 4.468653500000000349e+04
-8.350000000000000000e+01 2.600000000000000000e+01 4.464387400000000343e+04
-8.300000000000000000e+01 2.600000000000000000e+01 4.459873900000000140e+04
-8.250000000000000000e+01 2.600000000000000000e+01 4.455115800000000309e+04
-8.200000000000000000e+01 2.600000000000000000e+01 4.450116399999999703e+04
-8.150000000000000000e+01 2.600000000000000000e+01 4.444879000000000087e+04
-8.100000000000000000e+01 2.600000000000000000e+01 4.439407400000000052e+04
-8.400000000000000000e+01 2.550000000000000000e+01 4.436613199999999779e+04
-8.350000000000000000e+01 2.550000000000000000e+01 4.432358499999999913e+04
-8.300000000000000000e+01 2.550000000000000000e+01 4.427858400000000256e+04
-8.250000000000000000e+01 2.550000000000000000e+01 4.423115499999999884e+04
-8.200000000000000000e+01 2.550000000000000000e+01 4.418133200000000215e+04
-8.150000000000000000e+01 2.550000000000000000e+01 4.412914699999999721e+04
-8.100000000000000000e+01 2.550000000000000000e+01 4.407463700000000244e+04
-8.400000000000000000e+01 2.500000000000000000e+01 4.404513799999999901e+04
-8.350000000000000000e+01 2.500000000000000000e+01 4.400272000000000116e+04
-8.300000000000000000e+01 2.500000000000000000e+01 4.395786600000000180e+04
-8.250000000000000000e+01 2.500000000000000000e+01 4.391060500000000320e+04
-8.200000000000000000e+01 2.500000000000000000e+01 4.386096800000000076e+04
-8.150000000000000000e+01 2.500000000000000000e+01 4.380898900000000140e+04
-8.100000000000000000e+01 2.500000000000000000e+01 4.375470500000000175e+04
-8.400000000000000000e+01 2.450000000000000000e+01 4.372367799999999988e+04
-8.350000000000000000e+01 2.450000000000000000e+01 4.368140099999999802e+04
-8.300000000000000000e+01 2.450000000000000000e+01 4.363670900000000256e+04
-8.250000000000000000e+01 2.450000000000000000e+01 4.358962999999999738e+04
-8.200000000000000000e+01 2.450000000000000000e+01 4.354019600000000355e+04
-8.150000000000000000e+01 2.450000000000000000e+01 4.348844099999999889e+04
-8.100000000000000000e+01 2.450000000000000000e+01 4.343440000000000146e+04
-8.400000000000000000e+01 2.400000000000000000e+01 4.340187500000000000e+04
-8.350000000000000000e+01 2.400000000000000000e+01 4.335975200000000041e+04
-8.300000000000000000e+01 2.400000000000000000e+01 4.331523500000000058e+04
-8.250000000000000000e+01 2.400000000000000000e+01 4.326835399999999936e+04
-8.200000000000000000e+01 2.400000000000000000e+01 4.321913900000000285e+04
-8.150000000000000000e+01 2.400000000000000000e+01 4.316762299999999959e+04
-8.100000000000000000e+01 2.400000000000000000e+01 4.311384300000000076e+04
