-8.400000000000000000e+01 3.000000000000000000e+01 0.000000000000000000e+00 -2.702167095164592865e+03 2.394167306042353084e+04 4.060299599999999919e+04
-8.350000000000000000e+01 3.000000000000000000e+01 0.000000000000000000e+00 5.343895513715980087e+03 2.349852394469693536e+04 4.054997200000000157e+04
-8.300000000000000000e+01 3.000000000000000000e+01 0.000000000000000000e+00 1.277580539393488289e+04 2.044075630813117459e+04 4.049298799999999756e+04
-8.250000000000000000e+01 3.000000000000000000e+01 0.000000000000000000e+00 1.877697079354222660e+04 1.512793670365338585e+04 4.043206799999999930e+04
-8.200000000000000000e+01 3.000000000000000000e+01 0.000000000000000000e+00 2.268307588429003590e+04 8.207690032097270887e+03 4.036723999999999796e+04
-8.150000000000000000e+01 3.000000000000000000e+01 0.000000000000000000e+00 2.412986836675704399e+04 4.147200279727085217e+02 4.029853600000000006e+04
-8.100000000000000000e+01 3.000000000000000000e+01 0.000000000000000000e+00 2.300382019847860647e+04 -7.338703317610799786e+03 4.022598999999999796e+04
-8.400000000000000000e+01 2.950000000000000000e+01 0.000000000000000000e+00 -4.494587121047583423e+03 2.383412135630332341e+04 4.014422200000000157e+04
-8.350000000000000000e+01 2.950000000000000000e+01 0.000000000000000000e+00 3.567757307790720006e+03 2.399419068509721546e+04 4.009155799999999726e+04
-8.300000000000000000e+01 2.950000000000000000e+01 0.000000000000000000e+00 1.123895003618068040e+04 2.150335807139968892e+04 4.003492700000000332e+04
-8.250000000000000000e+01 2.950000000000000000e+01 0.000000000000000000e+00 1.763889669758524906e+04 1.667066894956952092e+04 3.997435199999999895e+04
-8.200000000000000000e+01 2.950000000000000000e+01 0.000000000000000000e+00 2.209681874155492187e+04 1.005888488523833439e+04 3.990986000000000058e+04
-8.150000000000000000e+01 2.950000000000000000e+01 0.000000000000000000e+00 2.416919278903821396e+04 2.405120961571830321e+03 3.984148099999999977e+04
-8.100000000000000000e+01 2.950000000000000000e+01 0.000000000000000000e+00 2.367769060553707459e+04 -5.464477595689303598e+03 3.976925099999999657e+04
-8.400000000000000000e+01 2.900000000000000000e+01 0.000000000000000000e+00 -6.284747767920209299e+03 2.358802268683220973e+04 3.968240099999999802e+04
-8.350000000000000000e+01 2.900000000000000000e+01 0.000000000000000000e+00 1.771141912774142611e+03 2.434930852297731690e+04 3.963013500000000204e+04
-8.300000000000000000e+01 2.900000000000000000e+01 0.000000000000000000e+00 9.612374344397676396e+03 2.244627736031946552e+04 3.957389499999999680e+04
-8.250000000000000000e+01 2.900000000000000000e+01 0.000000000000000000e+00 1.637114314748733159e+04 1.812459078138757832e+04 3.951370399999999790e+04
-8.200000000000000000e+01 2.900000000000000000e+01 0.000000000000000000e+00 2.135547584572486085e+04 1.186657921365239235e+04 3.944958699999999953e+04
-8.150000000000000000e+01 2.900000000000000000e+01 0.000000000000000000e+00 2.404413481986543411e+04 4.379903131684951404e+03 3.938157600000000093e+04
-8.100000000000000000e+01 2.900000000000000000e+01 0.000000000000000000e+00 2.419424186434233707e+04 -3.528381164019064727e+03 3.930970300000000134e+04
-8.400000000000000000e+01 2.850000000000000000e+01 0.000000000000000000e+00 -8.061647946616059926e+03 2.320324745280636853e+04 3.921765600000000268e+04
-8.350000000000000000e+01 2.850000000000000000e+01 0.000000000000000000e+00 -8.325170272043534681e+01 2.456531893067122655e+04 3.916582499999999709e+04
-8.300000000000000000e+01 2.850000000000000000e+01 0.000000000000000000e+00 7.905737503427037154e+03 2.326189934197610273e+04 3.911001600000000326e+04
-8.250000000000000000e+01 2.850000000000000000e+01 0.000000000000000000e+00 1.500041336996023529e+04 1.946364413351064286e+04 3.905024900000000343e+04
-8.200000000000000000e+01 2.850000000000000000e+01 0.000000000000000000e+00 2.046247830863698982e+04 1.361750859763549852e+04 3.898655000000000291e+04
-8.150000000000000000e+01 2.850000000000000000e+01 0.000000000000000000e+00 2.375326841124476414e+04 6.349037978659872351e+03 3.891894700000000012e+04
-8.100000000000000000e+01 2.850000000000000000e+01 0.000000000000000000e+00 2.454785918525703892e+04 -1.543997478047017466e+03 3.884747400000000198e+04
-8.400000000000000000e+01 2.800000000000000000e+01 0.000000000000000000e+00 -9.814268776101735057e+03 2.268056108995698014e+04 3.875010800000000017e+04
-8.350000000000000000e+01 2.800000000000000000e+01 0.000000000000000000e+00 -1.935279827944194267e+03 2.463757282824037247e+04 3.869875200000000041e+04
-8.300000000000000000e+01 2.800000000000000000e+01 0.000000000000000000e+00 6.129345577974328080e+03 2.394342202952265143e+04 3.864341300000000047e+04
-8.250000000000000000e+01 2.800000000000000000e+01 0.000000000000000000e+00 1.349719549166029901e+04 2.070886399313609945e+04 3.858411200000000099e+04
-8.200000000000000000e+01 2.800000000000000000e+01 0.000000000000000000e+00 1.943770286899036364e+04 1.527927467547422020e+04 3.852087099999999919e+04
-8.150000000000000000e+01 2.800000000000000000e+01 0.000000000000000000e+00 2.330512856920805643e+04 8.274976762181167942e+03 3.845372000000000116e+04
-8.100000000000000000e+01 2.800000000000000000e+01 0.000000000000000000e+00 2.473413428102684338e+04 4.745901938534123587e+02 3.838269000000000233e+04
-8.400000000000000000e+01 2.750000000000000000e+01 0.000000000000000000e+00 -1.155366210972326371e+04 2.201007828188863641e+04 3.827987700000000041e+04
-8.350000000000000000e+01 2.750000000000000000e+01 0.000000000000000000e+00 -3.822521949181141736e+03 2.456200184494165660e+04 3.822903600000000006e+04
-8.300000000000000000e+01 2.750000000000000000e+01 0.000000000000000000e+00 4.294078086361642818e+03 2.448490228474497417e+04 3.817420799999999872e+04
-8.250000000000000000e+01 2.750000000000000000e+01 0.000000000000000000e+00 1.191050792855275904e+04 2.182220941041300102e+04 3.811541300000000047e+04
-8.200000000000000000e+01 2.750000000000000000e+01 0.000000000000000000e+00 1.825788104592802847e+04 1.687934347201329729e+04 3.805267300000000250e+04
-8.150000000000000000e+01 2.750000000000000000e+01 0.000000000000000000e+00 2.268655100312938157e+04 1.019071312392971231e+04 3.798601699999999983e+04
-8.100000000000000000e+01 2.750000000000000000e+01 0.000000000000000000e+00 2.475240423678539810e+04 2.488157422346356270e+03 3.791547299999999814e+04
-8.400000000000000000e+01 2.700000000000000000e+01 0.000000000000000000e+00 -1.322416880566842519e+04 2.121576087405858561e+04 3.780707899999999790e+04
-8.350000000000000000e+01 2.700000000000000000e+01 0.000000000000000000e+00 -5.708468782978185118e+03 2.433757666286823223e+04 3.775679299999999785e+04
-8.300000000000000000e+01 2.700000000000000000e+01 0.000000000000000000e+00 2.411315315195728999e+03 2.488130750088480636e+04 3.770251799999999639e+04
-8.250000000000000000e+01 2.700000000000000000e+01 0.000000000000000000e+00 1.023041879274752500e+04 2.280998097489241991e+04 3.764427199999999721e+04
-8.200000000000000000e+01 2.700000000000000000e+01 0.000000000000000000e+00 1.696178550135066689e+04 1.836820720921523025e+04 3.758207600000000093e+04
-8.150000000000000000e+01 2.700000000000000000e+01 0.000000000000000000e+00 2.191864431601263641e+04 1.203647864841506816e+04 3.751595700000000215e+04
-8.100000000000000000e+01 2.700000000000000000e+01 0.000000000000000000e+00 2.460234921853902779e+04 4.507011372188459973e+03 3.744594400000000314e+04
-8.400000000000000000e+01 2.650000000000000000e+01 0.000000000000000000e+00 -1.483783536260161236e+04 2.029121615262754858e+04 3.733182899999999790e+04
-8.350000000000000000e+01 2.650000000000000000e+01 0.000000000000000000e+00 -7.581082765927594664e+03 2.396418448196916142e+04 3.728213999999999942e+04
-8.300000000000000000e+01 2.650000000000000000e+01 0.000000000000000000e+00 4.677309560324929407e+02 2.512903439936636278e+04 3.722845900000000256e+04
-8.250000000000000000e+01 2.650000000000000000e+01 0.000000000000000000e+00 8.467200732992985650e+03 2.366429125341327745e+04 3.717080399999999645e+04
-8.200000000000000000e+01 2.650000000000000000e+01 0.000000000000000000e+00 1.554165544416428747e+04 1.975417890010067276e+04 3.710919499999999971e+04
-8.150000000000000000e+01 2.650000000000000000e+01 0.000000000000000000e+00 2.098307592759680119e+04 1.384317667397727928e+04 3.704365699999999924e+04
-8.100000000000000000e+01 2.650000000000000000e+01 0.000000000000000000e+00 2.427683306310186526e+04 6.541032622149809868e+03 3.697421899999999732e+04
-8.400000000000000000e+01 2.600000000000000000e+01 0.000000000000000000e+00 -1.640354061452666429e+04 1.922434257460054505e+04 3.685423900000000140e+04
-8.350000000000000000e+01 2.600000000000000000e+01 0.000000000000000000e+00 -9.428315534215445950e+03 2.344270562075957787e+04 3.680518899999999849e+04
-8.300000000000000000e+01 2.600000000000000000e+01 0.000000000000000000e+00 -1.474367735237543457e+03 2.522208535254711023e+04 3.675214499999999680e+04
-8.250000000000000000e+01 2.600000000000000000e+01 0.000000000000000000e+00 6.607411492374990303e+03 2.438474421765614534e+04 3.669512299999999959e+04
-8.200000000000000000e+01 2.600000000000000000e+01 0.000000000000000000e+00 1.398493611506790694e+04 2.104078545434647822e+04 3.663414499999999680e+04
-8.150000000000000000e+01 2.600000000000000000e+01 0.000000000000000000e+00 1.991074084616703112e+04 1.555469923769099296e+04 3.656923200000000361e+04
-8.100000000000000000e+01 2.600000000000000000e+01 0.000000000000000000e+00 2.378757363358668226e+04 8.526724785701224391e+03 3.650041199999999662e+04
-8.400000000000000000e+01 2.550000000000000000e+01 0.000000000000000000e+00 -1.788968090490098621e+04 1.803370510551553161e+04 3.637441999999999825e+04
-8.350000000000000000e+01 2.550000000000000000e+01 0.000000000000000000e+00 -1.123819243249237115e+04 2.277501579761823450e+04 3.632605000000000291e+04
-8.300000000000000000e+01 2.550000000000000000e+01 0.000000000000000000e+00 -3.427461017562738107e+03 2.516078770860834629e+04 3.627368499999999767e+04
-8.250000000000000000e+01 2.550000000000000000e+01 0.000000000000000000e+00 4.710774766923795141e+03 2.495010876449668285e+04 3.621734100000000035e+04
-8.200000000000000000e+01 2.550000000000000000e+01 0.000000000000000000e+00 1.234191225293867865e+04 2.218864700017671566e+04 3.615703500000000349e+04
-8.150000000000000000e+01 2.550000000000000000e+01 0.000000000000000000e+00 1.867847774039163050e+04 1.719902564099171286e+04 3.609279099999999744e+04
-8.100000000000000000e+01 2.550000000000000000e+01 0.000000000000000000e+00 2.313197487489811101e+04 1.047430707956773040e+04 3.602463500000000204e+04
-8.400000000000000000e+01 2.500000000000000000e+01 0.000000000000000000e+00 -1.928631135712481773e+04 1.672550009162797141e+04 3.589247899999999936e+04
-8.350000000000000000e+01 2.500000000000000000e+01 0.000000000000000000e+00 -1.299889439972638502e+04 2.196397469408966208e+04 3.584483099999999831e+04
-8.300000000000000000e+01 2.500000000000000000e+01 0.000000000000000000e+00 -5.403918372320260460e+03 2.493871084620912006e+04 3.579318800000000192e+04
-8.250000000000000000e+01 2.500000000000000000e+01 0.000000000000000000e+00 2.740298988464810918e+03 2.536648336665095849e+04 3.573756399999999849e+04
-8.200000000000000000e+01 2.500000000000000000e+01 0.000000000000000000e+00 1.057981435189854528e+04 2.321495447712380337e+04 3.567797499999999854e+04
-8.150000000000000000e+01 2.500000000000000000e+01 0.000000000000000000e+00 1.732629771140594676e+04 1.872533940687735594e+04 3.561444400000000314e+04
-8.100000000000000000e+01 2.500000000000000000e+01 0.000000000000000000e+00 2.231320420570466013e+04 1.236957271802303512e+04 3.554699399999999878e+04
-8.400000000000000000e+01 2.450000000000000000e+01 0.000000000000000000e+00 -2.058399042071854637e+04 1.530672953141173457e+04 3.540852199999999721e+04
-8.350000000000000000e+01 2.450000000000000000e+01 0.000000000000000000e+00 -1.471984568025269618e+04 2.099870222365291920e+04 3.536163799999999901e+04
-8.300000000000000000e+01 2.450000000000000000e+01 0.000000000000000000e+00 -7.365391093298122541e+03 2.455735423734905635e+04 3.531075899999999820e+04
-8.250000000000000000e+01 2.450000000000000000e+01 0.000000000000000000e+00 7.333012028586479119e+02 2.562303303679059172e+04 3.525589800000000105e+04
-8.200000000000000000e+01 2.450000000000000000e+01 0.000000000000000000e+00 8.731048646601540895e+03 2.409738127754313609e+04 3.519706900000000314e+04
-8.150000000000000000e+01 2.450000000000000000e+01 0.000000000000000000e+00 1.582669016595547509e+04 2.015791988157121887e+04 3.513429400000000169e+04
-8.100000000000000000e+01 2.450000000000000000e+01 0.000000000000000000e+00 2.132145518632278618e+04 1.421993098693918546e+04 3.506759399999999732e+04
-8.400000000000000000e+01 2.400000000000000000e+01 0.000000000000000000e+00 -2.178762368333680570e+04 1.376338072587364150e+04 3.492265099999999802e+04
-8.350000000000000000e+01 2.400000000000000000e+01 0.000000000000000000e+00 -1.636658919013798186e+04 1.989541301285335430e+04 3.487657299999999668e+04
-8.300000000000000000e+01 2.400000000000000000e+01 0.000000000000000000e+00 -9.298762904068849821e+03 2.401785717588704938e+04 3.482650099999999657e+04
-8.250000000000000000e+01 2.400000000000000000e+01 0.000000000000000000e+00 -1.296933038672057364e+03 2.571663851778147728e+04 3.477244499999999971e+04
-8.200000000000000000e+01 2.400000000000000000e+01 0.000000000000000000e+00 6.807695195561193032e+03 2.482857938960215688e+04 3.471441999999999825e+04
-8.150000000000000000e+01 2.400000000000000000e+01 0.000000000000000000e+00 1.420638170347030791e+04 2.146696581913662521e+04 3.465244299999999930e+04
-8.100000000000000000e+01 2.400000000000000000e+01 0.000000000000000000e+00 2.018900165675125027e+04 1.596806651619588774e+04 3.458653699999999662e+04
