-8.400000000000000000e+01 3.000000000000000000e+01 4.060299599999999919e+04
-8.350000000000000000e+01 3.000000000000000000e+01 4.054997200000000157e+04
-8.300000000000000000e+01 3.000000000000000000e+01 4.049298799999999756e+04
-8.250000000000000000e+01 3.000000000000000000e+01 4.043206799999999930e+04
-8.200000000000000000e+01 3.000000000000000000e+01 4.036723999999999796e+04
-8.150000000000000000e+01 3.000000000000000000e+01 4.029853600000000006e+04
-8.100000000000000000e+01 3.000000000000000000e+01 4.022598999999999796e+04
-8.400000000000000000e+01 2.950000000000000000e+01 4.014422200000000157e+04
-8.350000000000000000e+01 2.950000000000000000e+01 4.009155799999999726e+04
-8.300000000000000000e+01 2.950000000000000000e+01 4.003492700000000332e+04
-8.250000000000000000e+01 2.950000000000000000e+01 3.997435199999999895e+04
-8.200000000000000000e+01 2.950000000000000000e+01 3.990986000000000058e+04
-8.150000000000000000e+01 2.950000000000000000e+01 3.984148099999999977e+04
-8.100000000000000000e+01 2.950000000000000000e+01 3.976925099999999657e+04
-8.400000000000000000e+01 2.900000000000000000e+01 3.968240099999999802e+04
-8.350000000000000000e+01 2.900000000000000000e+01 3.963013500000000204e+04
-8.300000000000000000e+01 2.900000000000000000e+01 3.957389499999999680e+04
-8.250000000000000000e+01 2.900000000000000000e+01 3.951370399999999790e+04
-8.200000000000000000e+01 2.900000000000000000e+01 3.944958699999999953e+04
-8.150000000000000000e+01 2.900000000000000000e+01 3.938157600000000093e+04
-8.100000000000000000e+01 2.900000000000000000e+01 3.930970300000000134e+04
-8.400000000000000000e+01 2.850000000000000000e+01 3.921765600000000268e+04
-8.350000000000000000e+01 2.850000000000000000e+01 3.916582499999999709e+04
-8.300000000000000000e+01 2.850000000000000000e+01 3.911001600000000326e+04
-8.250000000000000000e+01 2.850000000000000000e+01 3.905024900000000343e+04
-8.200000000000000000e+01 2.850000000000000000e+01 3.898655000000000291e+04
-8.150000000000000000e+01 2.850000000000000000e+01 3.891894700000000012e+04
-8.100000000000000000e+01 2.850000000000000000e+01 3.884747400000000198e+04
-8.400000000000000000e+01 2.800000000000000000e+01 3.875010800000000017e+04
-8.350000000000000000e+01 2.800000000000000000e+01 3.869875200000000041e+04
-8.300000000000000000e+01 2.800000000000000000e+01 3.864341300000000047e+04
-8.250000000000000000e+01 2.800000000000000000e+01 3.858411200000000099e+04
-8.200000000000000000e+01 2.800000000000000000e+01 3.852087099999999919e+04
-8.150000000000000000e+01 2.800000000000000000e+01 3.845372000000000116e+04
-8.100000000000000000e+01 2.800000000000000000e+01 3.838269000000000233e+04
-8.400000000000000000e+01 2.750000000000000000e+01 3.827987700000000041e+04
-8.350000000000000000e+01 2.750000000000000000e+01 3.822903600000000006e+04
-8.300000000000000000e+01 2.750000000000000000e+01 3.817420799999999872e+04
-8.250000000000000000e+01 2.750000000000000000e+01 3.811541300000000047e+04
-8.200000000000000000e+01 2.750000000000000000e+01 3.805267300000000250e+04
-8.150000000000000000e+01 2.750000000000000000e+01 3.798601699999999983e+04
-8.100000000000000000e+01 2.750000000000000000e+01 3.791547299999999814e+04
-8.400000000000000000e+01 2.700000000000000000e+01 3.780707899999999790e+04
-8.350000000000000000e+01 2.700000000000000000e+01 3.775679299999999785e+04
-8.300000000000000000e+01 2.700000000000000000e+01 3.770251799999999639e+04
-8.250000000000000000e+01 2.700000000000000000e+01 3.764427199999999721e+04
-8.200000000000000000e+01 2.700000000000000000e+01 3.758207600000000093e+04
-8.150000000000000000e+01 2.700000000000000000e+01 3.751595700000000215e+04
-8.100000000000000000e+01 2.700000000000000000e+01 3.744594400000000314e+04
-8.400000000000000000e+01 2.650000000000000000e+01 3.733182899999999790e+04
-8.350000000000000000e+01 2.650000000000000000e+01 3.728213999999999942e+04
-8.300000000000000000e+01 2.650000000000000000e+01 3.722845900000000256e+04
-8.250000000000000000e+01 2.650000000000000000e+01 3.717080399999999645e+04
-8.200000000000000000e+01 2.650000000000000000e+01 3.710919499999999971e+04
-8.150000000000000000e+01 2.650000000000000000e+01 3.704365699999999924e+04
-8.100000000000000000e+01 2.650000000000000000e+01 3.697421899999999732e+04
-8.400000000000000000e+01 2.600000000000000000e+01 3.685423900000000140e+04
-8.350000000000000000e+01 2.600000000000000000e+01 3.680518899999999849e+04
-8.300000000000000000e+01 2.600000000000000000e+01 3.675214499999999680e+04
-8.250000000000000000e+01 2.600000000000000000e+01 3.669512299999999959e+04
-8.200000000000000000e+01 2.600000000000000000e+01 3.663414499999999680e+04
-8.150000000000000000e+01 2.600000000000000000e+01 3.656923200000000361e+04
-8.100000000000000000e+01 2.600000000000000000e+01 3.650041199999999662e+04
-8.400000000000000000e+01 2.550000000000000000e+01 3.637441999999999825e+04
-8.350000000000000000e+01 2.550000000000000000e+01 3.632605000000000291e+04
-8.300000000000000000e+01 2.550000000000000000e+01 3.627368499999999767e+04
-8.250000000000000000e+01 2.550000000000000000e+01 3.621734100000000035e+04
-8.200000000000000000e+01 2.550000000000000000e+01 3.615703500000000349e+04
-8.150000000000000000e+01 2.550000000000000000e+01 3.609279099999999744e+04
-8.100000000000000000e+01 2.550000000000000000e+01 3.602463500000000204e+04
-8.400000000000000000e+01 2.500000000000000000e+01 3.589247899999999936e+04
-8.350000000000000000e+01 2.500000000000000000e+01 3.584483099999999831e+04
-8.300000000000000000e+01 2.500000000000000000e+01 3.579318800000000192e+04
-8.250000000000000000e+01 2.500000000000000000e+01 3.573756399999999849e+04
-8.200000000000000000e+01 2.500000000000000000e+01 3.567797499999999854e+04
-8.150000000000000000e+01 2.500000000000000000e+01 3.561444400000000314e+04
-8.100000000000000000e+01 2.500000000000000000e+01 3.554699399999999878e+04
-8.400000000000000000e+01 2.450000000000000000e+01 3.540852199999999721e+04
-8.350000000000000000e+01 2.450000000000000000e+01 3.536163799999999901e+04
-8.300000000000000000e+01 2.450000000000000000e+01 3.531075899999999820e+04
-8.250000000000000000e+01 2.450000000000000000e+01 3.525589800000000105e+04
-8.200000000000000000e+01 2.450000000000000000e+01 3.519706900000000314e+04
-8.150000000000000000e+01 2.450000000000000000e+01 3.513429400000000169e+04
-8.100000000000000000e+01 2.450000000000000000e+01 3.506759399999999732e+04
-8.400000000000000000e+01 2.400000000000000000e+01 3.492265099999999802e+04
-8.350000000000000000e+01 2.400000000000000000e+01 3.487657299999999668e+04
-8.300000000000000000e+01 2.400000000000000000e+01 3.482650099999999657e+04
-8.250000000000000000e+01 2.400000000000000000e+01 3.477244499999999971e+04
-8.200000000000000000e+01 2.400000000000000000e+01 3.471441999999999825e+04
-8.150000000000000000e+01 2.400000000000000000e+01 3.465244299999999930e+04
-8.100000000000000000e+01 2.400000000000000000e+01 3.458653699999999662e+04
